===================================================
0

===================================================
    
null     


default:   11.0 -> 11.0
float:    11.0f -> 1.100000e+01
float:    11.0F -> 1.100000e+01
double:  11.0e1 -> 1.100000000000000e+02
double:  11.0E1 -> 1.100000000000000e+02
double: 11.0e1f -> 1.100000000000000e+02
double: 11.0E1F -> 1.100000000000000e+02
double: 11.0E1f -> 1.100000000000000e+02
double: 11.0e1F -> 1.100000000000000e+02
===================================================
0

