===================================================
0
===================================================
0
===================================================
1
===================================================
1
===================================================
1
===================================================
1
===================================================
1
===================================================
1
===================================================
1
===================================================
1
===================================================
1
===================================================
1
===================================================
1
===================================================
1
===================================================
1
===================================================
1
===================================================
empno    deptno    sal    avg_dept_sal_sofar    
7934     10     1300.00     1300.0     
7782     10     2450.00     1875.0     
7839     10     5000.00     2916.6666666666665     
7369     20     800.00     800.0     
7876     20     1100.00     950.0     
7566     20     2975.00     1625.0     
7788     20     3000.00     2175.0     
7902     20     3000.00     2175.0     
7900     30     950.00     950.0     
7521     30     1250.00     1150.0     
7654     30     1250.00     1150.0     
7844     30     1500.00     1237.5     
7499     30     1600.00     1310.0     
7698     30     2850.00     1566.6666666666667     

===================================================
empno    deptno    sal    avg_dept_sal_sofar    
7934     10     1300.00     2916.6666666666665     
7782     10     2450.00     2916.6666666666665     
7839     10     5000.00     2916.6666666666665     
7369     20     800.00     2175.0     
7876     20     1100.00     2175.0     
7566     20     2975.00     2175.0     
7788     20     3000.00     2175.0     
7902     20     3000.00     2175.0     
7900     30     950.00     1566.6666666666667     
7521     30     1250.00     1566.6666666666667     
7654     30     1250.00     1566.6666666666667     
7844     30     1500.00     1566.6666666666667     
7499     30     1600.00     1566.6666666666667     
7698     30     2850.00     1566.6666666666667     

===================================================
empno    deptno    sal    max_dept_sal_sofar    
7934     10     1300.00     1300.00     
7782     10     2450.00     2450.00     
7839     10     5000.00     5000.00     
7369     20     800.00     800.00     
7876     20     1100.00     1100.00     
7566     20     2975.00     2975.00     
7788     20     3000.00     3000.00     
7902     20     3000.00     3000.00     
7900     30     950.00     950.00     
7521     30     1250.00     1250.00     
7654     30     1250.00     1250.00     
7844     30     1500.00     1500.00     
7499     30     1600.00     1600.00     
7698     30     2850.00     2850.00     

===================================================
empno    deptno    sal    max_dept_sal_sofar    
7934     10     1300.00     5000.00     
7782     10     2450.00     5000.00     
7839     10     5000.00     5000.00     
7369     20     800.00     3000.00     
7876     20     1100.00     3000.00     
7566     20     2975.00     3000.00     
7788     20     3000.00     3000.00     
7902     20     3000.00     3000.00     
7900     30     950.00     2850.00     
7521     30     1250.00     2850.00     
7654     30     1250.00     2850.00     
7844     30     1500.00     2850.00     
7499     30     1600.00     2850.00     
7698     30     2850.00     2850.00     

===================================================
0
===================================================
0
===================================================
0
===================================================
1
===================================================
1
===================================================
1
===================================================
1
===================================================
1
===================================================
1
===================================================
1
===================================================
1
===================================================
1
===================================================
1
===================================================
1
===================================================
1
===================================================
1
===================================================
1
===================================================
empno    deptno    sal    avg_dept_sal_sofar    
7934     10     1300.00     1300.0     
7782     10     2450.00     1875.0     
7839     10     5000.00     2916.6666666666665     
7369     20     800.00     800.0     
7876     20     1100.00     950.0     
7566     20     2975.00     1625.0     
7788     20     3000.00     2175.0     
7902     20     3000.00     2175.0     
7900     30     950.00     950.0     
7654     30     1250.00     1150.0     
7521     30     1250.00     1150.0     
7844     30     1500.00     1237.5     
7499     30     1600.00     1310.0     
7698     30     2850.00     1566.6666666666667     

===================================================
empno    deptno    sal    avg_dept_sal_sofar    
7934     10     1300.00     2916.6666666666665     
7782     10     2450.00     2916.6666666666665     
7839     10     5000.00     2916.6666666666665     
7369     20     800.00     2175.0     
7876     20     1100.00     2175.0     
7566     20     2975.00     2175.0     
7788     20     3000.00     2175.0     
7902     20     3000.00     2175.0     
7900     30     950.00     1566.6666666666667     
7654     30     1250.00     1566.6666666666667     
7521     30     1250.00     1566.6666666666667     
7844     30     1500.00     1566.6666666666667     
7499     30     1600.00     1566.6666666666667     
7698     30     2850.00     1566.6666666666667     

===================================================
empno    deptno    sal    max_dept_sal_sofar    
7934     10     1300.00     1300.00     
7782     10     2450.00     2450.00     
7839     10     5000.00     5000.00     
7369     20     800.00     800.00     
7876     20     1100.00     1100.00     
7566     20     2975.00     2975.00     
7788     20     3000.00     3000.00     
7902     20     3000.00     3000.00     
7900     30     950.00     950.00     
7654     30     1250.00     1250.00     
7521     30     1250.00     1250.00     
7844     30     1500.00     1500.00     
7499     30     1600.00     1600.00     
7698     30     2850.00     2850.00     

===================================================
empno    deptno    sal    max_dept_sal_sofar    
7934     10     1300.00     5000.00     
7782     10     2450.00     5000.00     
7839     10     5000.00     5000.00     
7369     20     800.00     3000.00     
7876     20     1100.00     3000.00     
7566     20     2975.00     3000.00     
7788     20     3000.00     3000.00     
7902     20     3000.00     3000.00     
7900     30     950.00     2850.00     
7654     30     1250.00     2850.00     
7521     30     1250.00     2850.00     
7844     30     1500.00     2850.00     
7499     30     1600.00     2850.00     
7698     30     2850.00     2850.00     

===================================================
0
