1605c1605
<   'wb_numeric'                10000     100              10000000  12345.06789            1.111100e+02     1.111113000000000e+04             $1,000.00
---
>   'wb_numeric'                10000     100              10000000  12345.06789            1.111100e+02     1.111113000000000e+04               $500.00
1613c1613
<   'wb_numeric'                10000     100              10000000  12345.06789            1.111100e+02     1.111113000000000e+04             $1,000.00
---
>   'wb_numeric'                10000     100              10000000  12345.06789            1.111100e+02     1.111113000000000e+04               $500.00
1641c1641
<   'wb_numeric'                10000     100              10000000  12345.06789            1.111100e+02     1.111113000000000e+04             $1,000.00
---
>   'wb_numeric'                10000     100              10000000  12345.06789            1.111100e+02     1.111113000000000e+04               $500.00
1649c1649
<   'wb_numeric'                10000     100              10000000  12345.06789            1.111100e+02     1.111113000000000e+04             $1,000.00
---
>   'wb_numeric'                10000     100              10000000  12345.06789            1.111100e+02     1.111113000000000e+04               $500.00
1677c1677
<   'wb_numeric'                10000     100              10000000  12345.06789            1.111100e+02     1.111113000000000e+04             $1,000.00
---
>   'wb_numeric'                10000     100              10000000  12345.06789            1.111100e+02     1.111113000000000e+04               $500.00
1685c1685
<   'wb_numeric'                10000     100              10000000  12345.06789            1.111100e+02     1.111113000000000e+04             $1,000.00
---
>   'wb_numeric'                10000     100              10000000  12345.06789            1.111100e+02     1.111113000000000e+04               $500.00
1713c1713
<   'wb_numeric'                10000     100              10000000  12345.06789            1.111100e+02     1.111113000000000e+04             $1,000.00
---
>   'wb_numeric'                10000     100              10000000  12345.06789            1.111100e+02     1.111113000000000e+04               $500.00
1721c1721
<   'wb_numeric'                10000     100              10000000  12345.06789            1.111100e+02     1.111113000000000e+04             $1,000.00
---
>   'wb_numeric'                10000     100              10000000  12345.06789            1.111100e+02     1.111113000000000e+04               $500.00
1749c1749
<   'wb_numeric'                10000     100              10000000  12345.06789            1.111100e+02     1.111113000000000e+04             $1,000.00
---
>   'wb_numeric'                10000     100              10000000  12345.06789            1.111100e+02     1.111113000000000e+04               $500.00
1757c1757
<   'wb_numeric'                10000     100              10000000  12345.06789            1.111100e+02     1.111113000000000e+04             $1,000.00
---
>   'wb_numeric'                10000     100              10000000  12345.06789            1.111100e+02     1.111113000000000e+04               $500.00
1785c1785
<   'wb_numeric'                10000     100              10000000  12345.06789            1.111100e+02     1.111113000000000e+04             $1,000.00
---
>   'wb_numeric'                10000     100              10000000  12345.06789            1.111100e+02     1.111113000000000e+04               $500.00
1793c1793
<   'wb_numeric'                10000     100              10000000  12345.06789            1.111100e+02     1.111113000000000e+04             $1,000.00
---
>   'wb_numeric'                10000     100              10000000  12345.06789            1.111100e+02     1.111113000000000e+04               $500.00
1823,1824c1823,1824
<   'wb_numeric'                10000     100              10000000  12345.06789            1.111100e+02     1.111113000000000e+04                  NULL
<   'wb_numeric'                20000       1              80000000  12345.06789            1.111700e+02     1.111112400000000e+04                  NULL
---
>   'wb_numeric'                10000     100              10000000  12345.06789            1.111100e+02     1.111113000000000e+04               $500.00
>   'wb_numeric'                20000       1              80000000  12345.06789            1.111700e+02     1.111112400000000e+04               $500.00
1832,1833c1832,1833
<   'wb_numeric'                20000       1              80000000  12345.06789            1.111700e+02     1.111112400000000e+04                  NULL
<   'wb_numeric'                10000     100              10000000  12345.06789            1.111100e+02     1.111113000000000e+04                  NULL
---
>   'wb_numeric'                20000       1              80000000  12345.06789            1.111700e+02     1.111112400000000e+04               $500.00
>   'wb_numeric'                10000     100              10000000  12345.06789            1.111100e+02     1.111113000000000e+04               $500.00
1861,1862c1861,1862
<   'wb_numeric'                10000     100              10000000  12345.06789            1.111100e+02     1.111113000000000e+04                  NULL
<   'wb_numeric'                20000       1              80000000  12345.06789            1.111700e+02     1.111112400000000e+04                  NULL
---
>   'wb_numeric'                10000     100              10000000  12345.06789            1.111100e+02     1.111113000000000e+04               $500.00
>   'wb_numeric'                20000       1              80000000  12345.06789            1.111700e+02     1.111112400000000e+04               $500.00
1870,1871c1870,1871
<   'wb_numeric'                20000       1              80000000  12345.06789            1.111700e+02     1.111112400000000e+04                  NULL
<   'wb_numeric'                10000     100              10000000  12345.06789            1.111100e+02     1.111113000000000e+04                  NULL
---
>   'wb_numeric'                20000       1              80000000  12345.06789            1.111700e+02     1.111112400000000e+04               $500.00
>   'wb_numeric'                10000     100              10000000  12345.06789            1.111100e+02     1.111113000000000e+04               $500.00
1899,1900c1899,1900
<   'wb_numeric'                10000     100              10000000  12345.06789            1.111100e+02     1.111113000000000e+04                  NULL
<   'wb_numeric'                20000       1              80000000  12345.06789            1.111700e+02     1.111112400000000e+04                  NULL
---
>   'wb_numeric'                10000     100              10000000  12345.06789            1.111100e+02     1.111113000000000e+04               $500.00
>   'wb_numeric'                20000       1              80000000  12345.06789            1.111700e+02     1.111112400000000e+04               $500.00
1908,1909c1908,1909
<   'wb_numeric'                20000       1              80000000  12345.06789            1.111700e+02     1.111112400000000e+04                  NULL
<   'wb_numeric'                10000     100              10000000  12345.06789            1.111100e+02     1.111113000000000e+04                  NULL
---
>   'wb_numeric'                20000       1              80000000  12345.06789            1.111700e+02     1.111112400000000e+04               $500.00
>   'wb_numeric'                10000     100              10000000  12345.06789            1.111100e+02     1.111113000000000e+04               $500.00
1939,1941c1939,1941
<   'wb_numeric'                10000     100              10000000  12345.06789            1.111100e+02     1.111113000000000e+04             $1,000.00
<   'wb_numeric'                20000       1              80000000  12345.06789            1.111700e+02     1.111112400000000e+04             $1,000.00
<   'wb_numeric'                30000     100              30000000  12345.06789            1.112000e+02     1.111112100000000e+04             $1,000.00
---
>   'wb_numeric'                10000     100              10000000  12345.06789            1.111100e+02     1.111113000000000e+04               $500.00
>   'wb_numeric'                20000       1              80000000  12345.06789            1.111700e+02     1.111112400000000e+04               $500.00
>   'wb_numeric'                30000     100              30000000  12345.06789            1.112000e+02     1.111112100000000e+04               $500.00
1949,1951c1949,1951
<   'wb_numeric'                30000     100              30000000  12345.06789            1.112000e+02     1.111112100000000e+04             $1,000.00
<   'wb_numeric'                20000       1              80000000  12345.06789            1.111700e+02     1.111112400000000e+04             $1,000.00
<   'wb_numeric'                10000     100              10000000  12345.06789            1.111100e+02     1.111113000000000e+04             $1,000.00
---
>   'wb_numeric'                30000     100              30000000  12345.06789            1.112000e+02     1.111112100000000e+04               $500.00
>   'wb_numeric'                20000       1              80000000  12345.06789            1.111700e+02     1.111112400000000e+04               $500.00
>   'wb_numeric'                10000     100              10000000  12345.06789            1.111100e+02     1.111113000000000e+04               $500.00
1979,1981c1979,1981
<   'wb_numeric'                10000     100              10000000  12345.06789            1.111100e+02     1.111113000000000e+04             $1,000.00
<   'wb_numeric'                20000       1              80000000  12345.06789            1.111700e+02     1.111112400000000e+04             $1,000.00
<   'wb_numeric'                30000     100              30000000  12345.06789            1.112000e+02     1.111112100000000e+04             $1,000.00
---
>   'wb_numeric'                10000     100              10000000  12345.06789            1.111100e+02     1.111113000000000e+04               $500.00
>   'wb_numeric'                20000       1              80000000  12345.06789            1.111700e+02     1.111112400000000e+04               $500.00
>   'wb_numeric'                30000     100              30000000  12345.06789            1.112000e+02     1.111112100000000e+04               $500.00
1989,1991c1989,1991
<   'wb_numeric'                30000     100              30000000  12345.06789            1.112000e+02     1.111112100000000e+04             $1,000.00
<   'wb_numeric'                20000       1              80000000  12345.06789            1.111700e+02     1.111112400000000e+04             $1,000.00
<   'wb_numeric'                10000     100              10000000  12345.06789            1.111100e+02     1.111113000000000e+04             $1,000.00
---
>   'wb_numeric'                30000     100              30000000  12345.06789            1.112000e+02     1.111112100000000e+04               $500.00
>   'wb_numeric'                20000       1              80000000  12345.06789            1.111700e+02     1.111112400000000e+04               $500.00
>   'wb_numeric'                10000     100              10000000  12345.06789            1.111100e+02     1.111113000000000e+04               $500.00
2019,2021c2019,2021
<   'wb_numeric'                10000     100              10000000  12345.06789            1.111100e+02     1.111113000000000e+04             $1,000.00
<   'wb_numeric'                20000       1              80000000  12345.06789            1.111700e+02     1.111112400000000e+04             $1,000.00
<   'wb_numeric'                30000     100              30000000  12345.06789            1.112000e+02     1.111112100000000e+04             $1,000.00
---
>   'wb_numeric'                10000     100              10000000  12345.06789            1.111100e+02     1.111113000000000e+04               $500.00
>   'wb_numeric'                20000       1              80000000  12345.06789            1.111700e+02     1.111112400000000e+04               $500.00
>   'wb_numeric'                30000     100              30000000  12345.06789            1.112000e+02     1.111112100000000e+04               $500.00
2029,2031c2029,2031
<   'wb_numeric'                30000     100              30000000  12345.06789            1.112000e+02     1.111112100000000e+04             $1,000.00
<   'wb_numeric'                20000       1              80000000  12345.06789            1.111700e+02     1.111112400000000e+04             $1,000.00
<   'wb_numeric'                10000     100              10000000  12345.06789            1.111100e+02     1.111113000000000e+04             $1,000.00
---
>   'wb_numeric'                30000     100              30000000  12345.06789            1.112000e+02     1.111112100000000e+04               $500.00
>   'wb_numeric'                20000       1              80000000  12345.06789            1.111700e+02     1.111112400000000e+04               $500.00
>   'wb_numeric'                10000     100              10000000  12345.06789            1.111100e+02     1.111113000000000e+04               $500.00
2061,2064c2061,2064
<   'wb_numeric'                10000     100              10000000  12345.06789            1.111100e+02     1.111113000000000e+04             $1,000.00
<   'wb_numeric'                20000       1              80000000  12345.06789            1.111700e+02     1.111112400000000e+04             $1,000.00
<   'wb_numeric'                30000     100              30000000  12345.06789            1.112000e+02     1.111112100000000e+04             $1,000.00
<   'wb_numeric'                40000       2              10000000  NULL                   1.112400e+02     1.111111800000000e+04             $1,000.00
---
>   'wb_numeric'                10000     100              10000000  12345.06789            1.111100e+02     1.111113000000000e+04               $500.00
>   'wb_numeric'                20000       1              80000000  12345.06789            1.111700e+02     1.111112400000000e+04               $500.00
>   'wb_numeric'                30000     100              30000000  12345.06789            1.112000e+02     1.111112100000000e+04               $500.00
>   'wb_numeric'                40000       2              10000000  NULL                   1.112400e+02     1.111111800000000e+04               $500.00
2072,2075c2072,2075
<   'wb_numeric'                40000       2              10000000  NULL                   1.112400e+02     1.111111800000000e+04             $1,000.00
<   'wb_numeric'                30000     100              30000000  12345.06789            1.112000e+02     1.111112100000000e+04             $1,000.00
<   'wb_numeric'                20000       1              80000000  12345.06789            1.111700e+02     1.111112400000000e+04             $1,000.00
<   'wb_numeric'                10000     100              10000000  12345.06789            1.111100e+02     1.111113000000000e+04             $1,000.00
---
>   'wb_numeric'                40000       2              10000000  NULL                   1.112400e+02     1.111111800000000e+04               $500.00
>   'wb_numeric'                30000     100              30000000  12345.06789            1.112000e+02     1.111112100000000e+04               $500.00
>   'wb_numeric'                20000       1              80000000  12345.06789            1.111700e+02     1.111112400000000e+04               $500.00
>   'wb_numeric'                10000     100              10000000  12345.06789            1.111100e+02     1.111113000000000e+04               $500.00
2105,2109c2105,2109
<   'wb_numeric'                10000     100              10000000  12345.06789            1.111100e+02     1.111113000000000e+04             $1,000.00
<   'wb_numeric'                20000       1              80000000  12345.06789            1.111700e+02     1.111112400000000e+04             $1,000.00
<   'wb_numeric'                30000     100              30000000  12345.06789            1.112000e+02     1.111112100000000e+04             $1,000.00
<   'wb_numeric'                40000       2              10000000  NULL                   1.112400e+02     1.111111800000000e+04             $1,000.00
<   'wb_numeric'                50000     100              20000000  12345.06789            1.112500e+02     1.111111700000000e+04             $1,000.00
---
>   'wb_numeric'                10000     100              10000000  12345.06789            1.111100e+02     1.111113000000000e+04               $500.00
>   'wb_numeric'                20000       1              80000000  12345.06789            1.111700e+02     1.111112400000000e+04               $500.00
>   'wb_numeric'                30000     100              30000000  12345.06789            1.112000e+02     1.111112100000000e+04               $500.00
>   'wb_numeric'                40000       2              10000000  NULL                   1.112400e+02     1.111111800000000e+04               $500.00
>   'wb_numeric'                50000     100              20000000  12345.06789            1.112500e+02     1.111111700000000e+04               $500.00
2117,2121c2117,2121
<   'wb_numeric'                50000     100              20000000  12345.06789            1.112500e+02     1.111111700000000e+04             $1,000.00
<   'wb_numeric'                40000       2              10000000  NULL                   1.112400e+02     1.111111800000000e+04             $1,000.00
<   'wb_numeric'                30000     100              30000000  12345.06789            1.112000e+02     1.111112100000000e+04             $1,000.00
<   'wb_numeric'                20000       1              80000000  12345.06789            1.111700e+02     1.111112400000000e+04             $1,000.00
<   'wb_numeric'                10000     100              10000000  12345.06789            1.111100e+02     1.111113000000000e+04             $1,000.00
---
>   'wb_numeric'                50000     100              20000000  12345.06789            1.112500e+02     1.111111700000000e+04               $500.00
>   'wb_numeric'                40000       2              10000000  NULL                   1.112400e+02     1.111111800000000e+04               $500.00
>   'wb_numeric'                30000     100              30000000  12345.06789            1.112000e+02     1.111112100000000e+04               $500.00
>   'wb_numeric'                20000       1              80000000  12345.06789            1.111700e+02     1.111112400000000e+04               $500.00
>   'wb_numeric'                10000     100              10000000  12345.06789            1.111100e+02     1.111113000000000e+04               $500.00
2149,2153c2149,2153
<   'wb_numeric'                10000     100              10000000  12345.06789            1.111100e+02     1.111113000000000e+04             $1,000.00
<   'wb_numeric'                20000       1              80000000  12345.06789            1.111700e+02     1.111112400000000e+04             $1,000.00
<   'wb_numeric'                30000     100              30000000  12345.06789            1.112000e+02     1.111112100000000e+04             $1,000.00
<   'wb_numeric'                40000       2              10000000  NULL                   1.112400e+02     1.111111800000000e+04             $1,000.00
<   'wb_numeric'                50000     100              20000000  12345.06789            1.112500e+02     1.111111700000000e+04             $1,000.00
---
>   'wb_numeric'                10000     100              10000000  12345.06789            1.111100e+02     1.111113000000000e+04               $500.00
>   'wb_numeric'                20000       1              80000000  12345.06789            1.111700e+02     1.111112400000000e+04               $500.00
>   'wb_numeric'                30000     100              30000000  12345.06789            1.112000e+02     1.111112100000000e+04               $500.00
>   'wb_numeric'                40000       2              10000000  NULL                   1.112400e+02     1.111111800000000e+04               $500.00
>   'wb_numeric'                50000     100              20000000  12345.06789            1.112500e+02     1.111111700000000e+04               $500.00
2161,2165c2161,2165
<   'wb_numeric'                50000     100              20000000  12345.06789            1.112500e+02     1.111111700000000e+04             $1,000.00
<   'wb_numeric'                40000       2              10000000  NULL                   1.112400e+02     1.111111800000000e+04             $1,000.00
<   'wb_numeric'                30000     100              30000000  12345.06789            1.112000e+02     1.111112100000000e+04             $1,000.00
<   'wb_numeric'                20000       1              80000000  12345.06789            1.111700e+02     1.111112400000000e+04             $1,000.00
<   'wb_numeric'                10000     100              10000000  12345.06789            1.111100e+02     1.111113000000000e+04             $1,000.00
---
>   'wb_numeric'                50000     100              20000000  12345.06789            1.112500e+02     1.111111700000000e+04               $500.00
>   'wb_numeric'                40000       2              10000000  NULL                   1.112400e+02     1.111111800000000e+04               $500.00
>   'wb_numeric'                30000     100              30000000  12345.06789            1.112000e+02     1.111112100000000e+04               $500.00
>   'wb_numeric'                20000       1              80000000  12345.06789            1.111700e+02     1.111112400000000e+04               $500.00
>   'wb_numeric'                10000     100              10000000  12345.06789            1.111100e+02     1.111113000000000e+04               $500.00
2193,2197c2193,2197
<   'wb_numeric'                10000     100              10000000  12345.06789            1.111100e+02     1.111113000000000e+04             $1,000.00
<   'wb_numeric'                20000       1              80000000  12345.06789            1.111700e+02     1.111112400000000e+04             $1,000.00
<   'wb_numeric'                30000     100              30000000  12345.06789            1.112000e+02     1.111112100000000e+04             $1,000.00
<   'wb_numeric'                40000       2              10000000  NULL                   1.112400e+02     1.111111800000000e+04             $1,000.00
<   'wb_numeric'                50000     100              20000000  12345.06789            1.112500e+02     1.111111700000000e+04             $1,000.00
---
>   'wb_numeric'                10000     100              10000000  12345.06789            1.111100e+02     1.111113000000000e+04               $500.00
>   'wb_numeric'                20000       1              80000000  12345.06789            1.111700e+02     1.111112400000000e+04               $500.00
>   'wb_numeric'                30000     100              30000000  12345.06789            1.112000e+02     1.111112100000000e+04               $500.00
>   'wb_numeric'                40000       2              10000000  NULL                   1.112400e+02     1.111111800000000e+04               $500.00
>   'wb_numeric'                50000     100              20000000  12345.06789            1.112500e+02     1.111111700000000e+04               $500.00
2205,2209c2205,2209
<   'wb_numeric'                50000     100              20000000  12345.06789            1.112500e+02     1.111111700000000e+04             $1,000.00
<   'wb_numeric'                40000       2              10000000  NULL                   1.112400e+02     1.111111800000000e+04             $1,000.00
<   'wb_numeric'                30000     100              30000000  12345.06789            1.112000e+02     1.111112100000000e+04             $1,000.00
<   'wb_numeric'                20000       1              80000000  12345.06789            1.111700e+02     1.111112400000000e+04             $1,000.00
<   'wb_numeric'                10000     100              10000000  12345.06789            1.111100e+02     1.111113000000000e+04             $1,000.00
---
>   'wb_numeric'                50000     100              20000000  12345.06789            1.112500e+02     1.111111700000000e+04               $500.00
>   'wb_numeric'                40000       2              10000000  NULL                   1.112400e+02     1.111111800000000e+04               $500.00
>   'wb_numeric'                30000     100              30000000  12345.06789            1.112000e+02     1.111112100000000e+04               $500.00
>   'wb_numeric'                20000       1              80000000  12345.06789            1.111700e+02     1.111112400000000e+04               $500.00
>   'wb_numeric'                10000     100              10000000  12345.06789            1.111100e+02     1.111113000000000e+04               $500.00
2237,2241c2237,2241
<   'wb_numeric'                10000     100              10000000  12345.06789            1.111100e+02     1.111113000000000e+04             $1,000.00
<   'wb_numeric'                20000       1              80000000  12345.06789            1.111700e+02     1.111112400000000e+04             $1,000.00
<   'wb_numeric'                30000     100              30000000  12345.06789            1.112000e+02     1.111112100000000e+04             $1,000.00
<   'wb_numeric'                40000       2              10000000  NULL                   1.112400e+02     1.111111800000000e+04             $1,000.00
<   'wb_numeric'                50000     100              20000000  12345.06789            1.112500e+02     1.111111700000000e+04             $1,000.00
---
>   'wb_numeric'                10000     100              10000000  12345.06789            1.111100e+02     1.111113000000000e+04               $500.00
>   'wb_numeric'                20000       1              80000000  12345.06789            1.111700e+02     1.111112400000000e+04               $500.00
>   'wb_numeric'                30000     100              30000000  12345.06789            1.112000e+02     1.111112100000000e+04               $500.00
>   'wb_numeric'                40000       2              10000000  NULL                   1.112400e+02     1.111111800000000e+04               $500.00
>   'wb_numeric'                50000     100              20000000  12345.06789            1.112500e+02     1.111111700000000e+04               $500.00
2249,2253c2249,2253
<   'wb_numeric'                50000     100              20000000  12345.06789            1.112500e+02     1.111111700000000e+04             $1,000.00
<   'wb_numeric'                40000       2              10000000  NULL                   1.112400e+02     1.111111800000000e+04             $1,000.00
<   'wb_numeric'                30000     100              30000000  12345.06789            1.112000e+02     1.111112100000000e+04             $1,000.00
<   'wb_numeric'                20000       1              80000000  12345.06789            1.111700e+02     1.111112400000000e+04             $1,000.00
<   'wb_numeric'                10000     100              10000000  12345.06789            1.111100e+02     1.111113000000000e+04             $1,000.00
---
>   'wb_numeric'                50000     100              20000000  12345.06789            1.112500e+02     1.111111700000000e+04               $500.00
>   'wb_numeric'                40000       2              10000000  NULL                   1.112400e+02     1.111111800000000e+04               $500.00
>   'wb_numeric'                30000     100              30000000  12345.06789            1.112000e+02     1.111112100000000e+04               $500.00
>   'wb_numeric'                20000       1              80000000  12345.06789            1.111700e+02     1.111112400000000e+04               $500.00
>   'wb_numeric'                10000     100              10000000  12345.06789            1.111100e+02     1.111113000000000e+04               $500.00
2281,2285c2281,2285
<   'wb_numeric'                10000     100              10000000  12345.06789            1.111100e+02     1.111113000000000e+04             $1,000.00
<   'wb_numeric'                20000       1              80000000  12345.06789            1.111700e+02     1.111112400000000e+04             $1,000.00
<   'wb_numeric'                30000     100              30000000  12345.06789            1.112000e+02     1.111112100000000e+04             $1,000.00
<   'wb_numeric'                40000       2              10000000  NULL                   1.112400e+02     1.111111800000000e+04             $1,000.00
<   'wb_numeric'                50000     100              20000000  12345.06789            1.112500e+02     1.111111700000000e+04             $1,000.00
---
>   'wb_numeric'                10000     100              10000000  12345.06789            1.111100e+02     1.111113000000000e+04               $500.00
>   'wb_numeric'                20000       1              80000000  12345.06789            1.111700e+02     1.111112400000000e+04               $500.00
>   'wb_numeric'                30000     100              30000000  12345.06789            1.112000e+02     1.111112100000000e+04               $500.00
>   'wb_numeric'                40000       2              10000000  NULL                   1.112400e+02     1.111111800000000e+04               $500.00
>   'wb_numeric'                50000     100              20000000  12345.06789            1.112500e+02     1.111111700000000e+04               $500.00
2293,2297c2293,2297
<   'wb_numeric'                50000     100              20000000  12345.06789            1.112500e+02     1.111111700000000e+04             $1,000.00
<   'wb_numeric'                40000       2              10000000  NULL                   1.112400e+02     1.111111800000000e+04             $1,000.00
<   'wb_numeric'                30000     100              30000000  12345.06789            1.112000e+02     1.111112100000000e+04             $1,000.00
<   'wb_numeric'                20000       1              80000000  12345.06789            1.111700e+02     1.111112400000000e+04             $1,000.00
<   'wb_numeric'                10000     100              10000000  12345.06789            1.111100e+02     1.111113000000000e+04             $1,000.00
---
>   'wb_numeric'                50000     100              20000000  12345.06789            1.112500e+02     1.111111700000000e+04               $500.00
>   'wb_numeric'                40000       2              10000000  NULL                   1.112400e+02     1.111111800000000e+04               $500.00
>   'wb_numeric'                30000     100              30000000  12345.06789            1.112000e+02     1.111112100000000e+04               $500.00
>   'wb_numeric'                20000       1              80000000  12345.06789            1.111700e+02     1.111112400000000e+04               $500.00
>   'wb_numeric'                10000     100              10000000  12345.06789            1.111100e+02     1.111113000000000e+04               $500.00
2325,2329c2325,2329
<   'wb_numeric'                10000     100              10000000  12345.06789            1.111100e+02     1.111113000000000e+04             $1,000.00
<   'wb_numeric'                20000       1              80000000  12345.06789            1.111700e+02     1.111112400000000e+04             $1,000.00
<   'wb_numeric'                30000     100              30000000  12345.06789            1.112000e+02     1.111112100000000e+04             $1,000.00
<   'wb_numeric'                40000       2              10000000  NULL                   1.112400e+02     1.111111800000000e+04             $1,000.00
<   'wb_numeric'                50000     100              20000000  12345.06789            1.112500e+02     1.111111700000000e+04             $1,000.00
---
>   'wb_numeric'                10000     100              10000000  12345.06789            1.111100e+02     1.111113000000000e+04               $500.00
>   'wb_numeric'                20000       1              80000000  12345.06789            1.111700e+02     1.111112400000000e+04               $500.00
>   'wb_numeric'                30000     100              30000000  12345.06789            1.112000e+02     1.111112100000000e+04               $500.00
>   'wb_numeric'                40000       2              10000000  NULL                   1.112400e+02     1.111111800000000e+04               $500.00
>   'wb_numeric'                50000     100              20000000  12345.06789            1.112500e+02     1.111111700000000e+04               $500.00
2337,2341c2337,2341
<   'wb_numeric'                50000     100              20000000  12345.06789            1.112500e+02     1.111111700000000e+04             $1,000.00
<   'wb_numeric'                40000       2              10000000  NULL                   1.112400e+02     1.111111800000000e+04             $1,000.00
<   'wb_numeric'                30000     100              30000000  12345.06789            1.112000e+02     1.111112100000000e+04             $1,000.00
<   'wb_numeric'                20000       1              80000000  12345.06789            1.111700e+02     1.111112400000000e+04             $1,000.00
<   'wb_numeric'                10000     100              10000000  12345.06789            1.111100e+02     1.111113000000000e+04             $1,000.00
---
>   'wb_numeric'                50000     100              20000000  12345.06789            1.112500e+02     1.111111700000000e+04               $500.00
>   'wb_numeric'                40000       2              10000000  NULL                   1.112400e+02     1.111111800000000e+04               $500.00
>   'wb_numeric'                30000     100              30000000  12345.06789            1.112000e+02     1.111112100000000e+04               $500.00
>   'wb_numeric'                20000       1              80000000  12345.06789            1.111700e+02     1.111112400000000e+04               $500.00
>   'wb_numeric'                10000     100              10000000  12345.06789            1.111100e+02     1.111113000000000e+04               $500.00
2369,2373c2369,2373
<   'wb_numeric'                10000     100              10000000  12345.06789            1.111100e+02     1.111113000000000e+04             $1,000.00
<   'wb_numeric'                20000       1              80000000  12345.06789            1.111700e+02     1.111112400000000e+04             $1,000.00
<   'wb_numeric'                30000     100              30000000  12345.06789            1.112000e+02     1.111112100000000e+04             $1,000.00
<   'wb_numeric'                40000       2              10000000  NULL                   1.112400e+02     1.111111800000000e+04             $1,000.00
<   'wb_numeric'                50000     100              20000000  12345.06789            1.112500e+02     1.111111700000000e+04             $1,000.00
---
>   'wb_numeric'                10000     100              10000000  12345.06789            1.111100e+02     1.111113000000000e+04               $500.00
>   'wb_numeric'                20000       1              80000000  12345.06789            1.111700e+02     1.111112400000000e+04               $500.00
>   'wb_numeric'                30000     100              30000000  12345.06789            1.112000e+02     1.111112100000000e+04               $500.00
>   'wb_numeric'                40000       2              10000000  NULL                   1.112400e+02     1.111111800000000e+04               $500.00
>   'wb_numeric'                50000     100              20000000  12345.06789            1.112500e+02     1.111111700000000e+04               $500.00
2381,2385c2381,2385
<   'wb_numeric'                50000     100              20000000  12345.06789            1.112500e+02     1.111111700000000e+04             $1,000.00
<   'wb_numeric'                40000       2              10000000  NULL                   1.112400e+02     1.111111800000000e+04             $1,000.00
<   'wb_numeric'                30000     100              30000000  12345.06789            1.112000e+02     1.111112100000000e+04             $1,000.00
<   'wb_numeric'                20000       1              80000000  12345.06789            1.111700e+02     1.111112400000000e+04             $1,000.00
<   'wb_numeric'                10000     100              10000000  12345.06789            1.111100e+02     1.111113000000000e+04             $1,000.00
---
>   'wb_numeric'                50000     100              20000000  12345.06789            1.112500e+02     1.111111700000000e+04               $500.00
>   'wb_numeric'                40000       2              10000000  NULL                   1.112400e+02     1.111111800000000e+04               $500.00
>   'wb_numeric'                30000     100              30000000  12345.06789            1.112000e+02     1.111112100000000e+04               $500.00
>   'wb_numeric'                20000       1              80000000  12345.06789            1.111700e+02     1.111112400000000e+04               $500.00
>   'wb_numeric'                10000     100              10000000  12345.06789            1.111100e+02     1.111113000000000e+04               $500.00
