1665c1665
<   'wb_numeric'                10000     100              10000000  12345.06789            1.111100e+02     1.111113000000000e+04             $1,000.00
---
>   'wb_numeric'                10000     100              10000000  12345.06789            1.111100e+02     1.111113000000000e+04               $500.00
1673c1673
<   'wb_numeric'                10000     100              10000000  12345.06789            1.111100e+02     1.111113000000000e+04             $1,000.00
---
>   'wb_numeric'                10000     100              10000000  12345.06789            1.111100e+02     1.111113000000000e+04               $500.00
1701c1701
<   'wb_numeric'                10000     100              10000000  12345.06789            1.111100e+02     1.111113000000000e+04             $1,000.00
---
>   'wb_numeric'                10000     100              10000000  12345.06789            1.111100e+02     1.111113000000000e+04               $500.00
1709c1709
<   'wb_numeric'                10000     100              10000000  12345.06789            1.111100e+02     1.111113000000000e+04             $1,000.00
---
>   'wb_numeric'                10000     100              10000000  12345.06789            1.111100e+02     1.111113000000000e+04               $500.00
1737c1737
<   'wb_numeric'                10000     100              10000000  12345.06789            1.111100e+02     1.111113000000000e+04             $1,000.00
---
>   'wb_numeric'                10000     100              10000000  12345.06789            1.111100e+02     1.111113000000000e+04               $500.00
1745c1745
<   'wb_numeric'                10000     100              10000000  12345.06789            1.111100e+02     1.111113000000000e+04             $1,000.00
---
>   'wb_numeric'                10000     100              10000000  12345.06789            1.111100e+02     1.111113000000000e+04               $500.00
1773c1773
<   'wb_numeric'                10000     100              10000000  12345.06789            1.111100e+02     1.111113000000000e+04             $1,000.00
---
>   'wb_numeric'                10000     100              10000000  12345.06789            1.111100e+02     1.111113000000000e+04               $500.00
1781c1781
<   'wb_numeric'                10000     100              10000000  12345.06789            1.111100e+02     1.111113000000000e+04             $1,000.00
---
>   'wb_numeric'                10000     100              10000000  12345.06789            1.111100e+02     1.111113000000000e+04               $500.00
1809c1809
<   'wb_numeric'                10000     100              10000000  12345.06789            1.111100e+02     1.111113000000000e+04             $1,000.00
---
>   'wb_numeric'                10000     100              10000000  12345.06789            1.111100e+02     1.111113000000000e+04               $500.00
1817c1817
<   'wb_numeric'                10000     100              10000000  12345.06789            1.111100e+02     1.111113000000000e+04             $1,000.00
---
>   'wb_numeric'                10000     100              10000000  12345.06789            1.111100e+02     1.111113000000000e+04               $500.00
1845c1845
<   'wb_numeric'                10000     100              10000000  12345.06789            1.111100e+02     1.111113000000000e+04             $1,000.00
---
>   'wb_numeric'                10000     100              10000000  12345.06789            1.111100e+02     1.111113000000000e+04               $500.00
1853c1853
<   'wb_numeric'                10000     100              10000000  12345.06789            1.111100e+02     1.111113000000000e+04             $1,000.00
---
>   'wb_numeric'                10000     100              10000000  12345.06789            1.111100e+02     1.111113000000000e+04               $500.00
1883,1884c1883,1884
<   'wb_numeric'                10000     100              10000000  12345.06789            1.111100e+02     1.111113000000000e+04                  NULL
<   'wb_numeric'                20000       1              80000000  12345.06789            1.111700e+02     1.111112400000000e+04                  NULL
---
>   'wb_numeric'                10000     100              10000000  12345.06789            1.111100e+02     1.111113000000000e+04               $500.00
>   'wb_numeric'                20000       1              80000000  12345.06789            1.111700e+02     1.111112400000000e+04               $500.00
1892,1893c1892,1893
<   'wb_numeric'                20000       1              80000000  12345.06789            1.111700e+02     1.111112400000000e+04                  NULL
<   'wb_numeric'                10000     100              10000000  12345.06789            1.111100e+02     1.111113000000000e+04                  NULL
---
>   'wb_numeric'                20000       1              80000000  12345.06789            1.111700e+02     1.111112400000000e+04               $500.00
>   'wb_numeric'                10000     100              10000000  12345.06789            1.111100e+02     1.111113000000000e+04               $500.00
1921,1922c1921,1922
<   'wb_numeric'                10000     100              10000000  12345.06789            1.111100e+02     1.111113000000000e+04                  NULL
<   'wb_numeric'                20000       1              80000000  12345.06789            1.111700e+02     1.111112400000000e+04                  NULL
---
>   'wb_numeric'                10000     100              10000000  12345.06789            1.111100e+02     1.111113000000000e+04               $500.00
>   'wb_numeric'                20000       1              80000000  12345.06789            1.111700e+02     1.111112400000000e+04               $500.00
1930,1931c1930,1931
<   'wb_numeric'                20000       1              80000000  12345.06789            1.111700e+02     1.111112400000000e+04                  NULL
<   'wb_numeric'                10000     100              10000000  12345.06789            1.111100e+02     1.111113000000000e+04                  NULL
---
>   'wb_numeric'                20000       1              80000000  12345.06789            1.111700e+02     1.111112400000000e+04               $500.00
>   'wb_numeric'                10000     100              10000000  12345.06789            1.111100e+02     1.111113000000000e+04               $500.00
1959,1960c1959,1960
<   'wb_numeric'                10000     100              10000000  12345.06789            1.111100e+02     1.111113000000000e+04                  NULL
<   'wb_numeric'                20000       1              80000000  12345.06789            1.111700e+02     1.111112400000000e+04                  NULL
---
>   'wb_numeric'                10000     100              10000000  12345.06789            1.111100e+02     1.111113000000000e+04               $500.00
>   'wb_numeric'                20000       1              80000000  12345.06789            1.111700e+02     1.111112400000000e+04               $500.00
1968,1969c1968,1969
<   'wb_numeric'                20000       1              80000000  12345.06789            1.111700e+02     1.111112400000000e+04                  NULL
<   'wb_numeric'                10000     100              10000000  12345.06789            1.111100e+02     1.111113000000000e+04                  NULL
---
>   'wb_numeric'                20000       1              80000000  12345.06789            1.111700e+02     1.111112400000000e+04               $500.00
>   'wb_numeric'                10000     100              10000000  12345.06789            1.111100e+02     1.111113000000000e+04               $500.00
1999,2001c1999,2001
<   'wb_numeric'                10000     100              10000000  12345.06789            1.111100e+02     1.111113000000000e+04             $1,000.00
<   'wb_numeric'                20000       1              80000000  12345.06789            1.111700e+02     1.111112400000000e+04             $1,000.00
<   'wb_numeric'                30000     100              30000000  12345.06789            1.112000e+02     1.111112100000000e+04             $1,000.00
---
>   'wb_numeric'                10000     100              10000000  12345.06789            1.111100e+02     1.111113000000000e+04               $500.00
>   'wb_numeric'                20000       1              80000000  12345.06789            1.111700e+02     1.111112400000000e+04               $500.00
>   'wb_numeric'                30000     100              30000000  12345.06789            1.112000e+02     1.111112100000000e+04               $500.00
2009,2011c2009,2011
<   'wb_numeric'                30000     100              30000000  12345.06789            1.112000e+02     1.111112100000000e+04             $1,000.00
<   'wb_numeric'                20000       1              80000000  12345.06789            1.111700e+02     1.111112400000000e+04             $1,000.00
<   'wb_numeric'                10000     100              10000000  12345.06789            1.111100e+02     1.111113000000000e+04             $1,000.00
---
>   'wb_numeric'                30000     100              30000000  12345.06789            1.112000e+02     1.111112100000000e+04               $500.00
>   'wb_numeric'                20000       1              80000000  12345.06789            1.111700e+02     1.111112400000000e+04               $500.00
>   'wb_numeric'                10000     100              10000000  12345.06789            1.111100e+02     1.111113000000000e+04               $500.00
2039,2041c2039,2041
<   'wb_numeric'                10000     100              10000000  12345.06789            1.111100e+02     1.111113000000000e+04             $1,000.00
<   'wb_numeric'                20000       1              80000000  12345.06789            1.111700e+02     1.111112400000000e+04             $1,000.00
<   'wb_numeric'                30000     100              30000000  12345.06789            1.112000e+02     1.111112100000000e+04             $1,000.00
---
>   'wb_numeric'                10000     100              10000000  12345.06789            1.111100e+02     1.111113000000000e+04               $500.00
>   'wb_numeric'                20000       1              80000000  12345.06789            1.111700e+02     1.111112400000000e+04               $500.00
>   'wb_numeric'                30000     100              30000000  12345.06789            1.112000e+02     1.111112100000000e+04               $500.00
2049,2051c2049,2051
<   'wb_numeric'                30000     100              30000000  12345.06789            1.112000e+02     1.111112100000000e+04             $1,000.00
<   'wb_numeric'                20000       1              80000000  12345.06789            1.111700e+02     1.111112400000000e+04             $1,000.00
<   'wb_numeric'                10000     100              10000000  12345.06789            1.111100e+02     1.111113000000000e+04             $1,000.00
---
>   'wb_numeric'                30000     100              30000000  12345.06789            1.112000e+02     1.111112100000000e+04               $500.00
>   'wb_numeric'                20000       1              80000000  12345.06789            1.111700e+02     1.111112400000000e+04               $500.00
>   'wb_numeric'                10000     100              10000000  12345.06789            1.111100e+02     1.111113000000000e+04               $500.00
2079,2081c2079,2081
<   'wb_numeric'                10000     100              10000000  12345.06789            1.111100e+02     1.111113000000000e+04             $1,000.00
<   'wb_numeric'                20000       1              80000000  12345.06789            1.111700e+02     1.111112400000000e+04             $1,000.00
<   'wb_numeric'                30000     100              30000000  12345.06789            1.112000e+02     1.111112100000000e+04             $1,000.00
---
>   'wb_numeric'                10000     100              10000000  12345.06789            1.111100e+02     1.111113000000000e+04               $500.00
>   'wb_numeric'                20000       1              80000000  12345.06789            1.111700e+02     1.111112400000000e+04               $500.00
>   'wb_numeric'                30000     100              30000000  12345.06789            1.112000e+02     1.111112100000000e+04               $500.00
2089,2091c2089,2091
<   'wb_numeric'                30000     100              30000000  12345.06789            1.112000e+02     1.111112100000000e+04             $1,000.00
<   'wb_numeric'                20000       1              80000000  12345.06789            1.111700e+02     1.111112400000000e+04             $1,000.00
<   'wb_numeric'                10000     100              10000000  12345.06789            1.111100e+02     1.111113000000000e+04             $1,000.00
---
>   'wb_numeric'                30000     100              30000000  12345.06789            1.112000e+02     1.111112100000000e+04               $500.00
>   'wb_numeric'                20000       1              80000000  12345.06789            1.111700e+02     1.111112400000000e+04               $500.00
>   'wb_numeric'                10000     100              10000000  12345.06789            1.111100e+02     1.111113000000000e+04               $500.00
2121,2124c2121,2124
<   'wb_numeric'                10000     100              10000000  12345.06789            1.111100e+02     1.111113000000000e+04             $1,000.00
<   'wb_numeric'                20000       1              80000000  12345.06789            1.111700e+02     1.111112400000000e+04             $1,000.00
<   'wb_numeric'                30000     100              30000000  12345.06789            1.112000e+02     1.111112100000000e+04             $1,000.00
<   'wb_numeric'                40000       2              10000000  NULL                   1.112400e+02     1.111111800000000e+04             $1,000.00
---
>   'wb_numeric'                10000     100              10000000  12345.06789            1.111100e+02     1.111113000000000e+04               $500.00
>   'wb_numeric'                20000       1              80000000  12345.06789            1.111700e+02     1.111112400000000e+04               $500.00
>   'wb_numeric'                30000     100              30000000  12345.06789            1.112000e+02     1.111112100000000e+04               $500.00
>   'wb_numeric'                40000       2              10000000  NULL                   1.112400e+02     1.111111800000000e+04               $500.00
2132,2135c2132,2135
<   'wb_numeric'                40000       2              10000000  NULL                   1.112400e+02     1.111111800000000e+04             $1,000.00
<   'wb_numeric'                30000     100              30000000  12345.06789            1.112000e+02     1.111112100000000e+04             $1,000.00
<   'wb_numeric'                20000       1              80000000  12345.06789            1.111700e+02     1.111112400000000e+04             $1,000.00
<   'wb_numeric'                10000     100              10000000  12345.06789            1.111100e+02     1.111113000000000e+04             $1,000.00
---
>   'wb_numeric'                40000       2              10000000  NULL                   1.112400e+02     1.111111800000000e+04               $500.00
>   'wb_numeric'                30000     100              30000000  12345.06789            1.112000e+02     1.111112100000000e+04               $500.00
>   'wb_numeric'                20000       1              80000000  12345.06789            1.111700e+02     1.111112400000000e+04               $500.00
>   'wb_numeric'                10000     100              10000000  12345.06789            1.111100e+02     1.111113000000000e+04               $500.00
2165,2169c2165,2169
<   'wb_numeric'                10000     100              10000000  12345.06789            1.111100e+02     1.111113000000000e+04             $1,000.00
<   'wb_numeric'                20000       1              80000000  12345.06789            1.111700e+02     1.111112400000000e+04             $1,000.00
<   'wb_numeric'                30000     100              30000000  12345.06789            1.112000e+02     1.111112100000000e+04             $1,000.00
<   'wb_numeric'                40000       2              10000000  NULL                   1.112400e+02     1.111111800000000e+04             $1,000.00
<   'wb_numeric'                50000     100              20000000  12345.06789            1.112500e+02     1.111111700000000e+04             $1,000.00
---
>   'wb_numeric'                10000     100              10000000  12345.06789            1.111100e+02     1.111113000000000e+04               $500.00
>   'wb_numeric'                20000       1              80000000  12345.06789            1.111700e+02     1.111112400000000e+04               $500.00
>   'wb_numeric'                30000     100              30000000  12345.06789            1.112000e+02     1.111112100000000e+04               $500.00
>   'wb_numeric'                40000       2              10000000  NULL                   1.112400e+02     1.111111800000000e+04               $500.00
>   'wb_numeric'                50000     100              20000000  12345.06789            1.112500e+02     1.111111700000000e+04               $500.00
2177,2181c2177,2181
<   'wb_numeric'                50000     100              20000000  12345.06789            1.112500e+02     1.111111700000000e+04             $1,000.00
<   'wb_numeric'                40000       2              10000000  NULL                   1.112400e+02     1.111111800000000e+04             $1,000.00
<   'wb_numeric'                30000     100              30000000  12345.06789            1.112000e+02     1.111112100000000e+04             $1,000.00
<   'wb_numeric'                20000       1              80000000  12345.06789            1.111700e+02     1.111112400000000e+04             $1,000.00
<   'wb_numeric'                10000     100              10000000  12345.06789            1.111100e+02     1.111113000000000e+04             $1,000.00
---
>   'wb_numeric'                50000     100              20000000  12345.06789            1.112500e+02     1.111111700000000e+04               $500.00
>   'wb_numeric'                40000       2              10000000  NULL                   1.112400e+02     1.111111800000000e+04               $500.00
>   'wb_numeric'                30000     100              30000000  12345.06789            1.112000e+02     1.111112100000000e+04               $500.00
>   'wb_numeric'                20000       1              80000000  12345.06789            1.111700e+02     1.111112400000000e+04               $500.00
>   'wb_numeric'                10000     100              10000000  12345.06789            1.111100e+02     1.111113000000000e+04               $500.00
2209,2213c2209,2213
<   'wb_numeric'                10000     100              10000000  12345.06789            1.111100e+02     1.111113000000000e+04             $1,000.00
<   'wb_numeric'                20000       1              80000000  12345.06789            1.111700e+02     1.111112400000000e+04             $1,000.00
<   'wb_numeric'                30000     100              30000000  12345.06789            1.112000e+02     1.111112100000000e+04             $1,000.00
<   'wb_numeric'                40000       2              10000000  NULL                   1.112400e+02     1.111111800000000e+04             $1,000.00
<   'wb_numeric'                50000     100              20000000  12345.06789            1.112500e+02     1.111111700000000e+04             $1,000.00
---
>   'wb_numeric'                10000     100              10000000  12345.06789            1.111100e+02     1.111113000000000e+04               $500.00
>   'wb_numeric'                20000       1              80000000  12345.06789            1.111700e+02     1.111112400000000e+04               $500.00
>   'wb_numeric'                30000     100              30000000  12345.06789            1.112000e+02     1.111112100000000e+04               $500.00
>   'wb_numeric'                40000       2              10000000  NULL                   1.112400e+02     1.111111800000000e+04               $500.00
>   'wb_numeric'                50000     100              20000000  12345.06789            1.112500e+02     1.111111700000000e+04               $500.00
2221,2225c2221,2225
<   'wb_numeric'                50000     100              20000000  12345.06789            1.112500e+02     1.111111700000000e+04             $1,000.00
<   'wb_numeric'                40000       2              10000000  NULL                   1.112400e+02     1.111111800000000e+04             $1,000.00
<   'wb_numeric'                30000     100              30000000  12345.06789            1.112000e+02     1.111112100000000e+04             $1,000.00
<   'wb_numeric'                20000       1              80000000  12345.06789            1.111700e+02     1.111112400000000e+04             $1,000.00
<   'wb_numeric'                10000     100              10000000  12345.06789            1.111100e+02     1.111113000000000e+04             $1,000.00
---
>   'wb_numeric'                50000     100              20000000  12345.06789            1.112500e+02     1.111111700000000e+04               $500.00
>   'wb_numeric'                40000       2              10000000  NULL                   1.112400e+02     1.111111800000000e+04               $500.00
>   'wb_numeric'                30000     100              30000000  12345.06789            1.112000e+02     1.111112100000000e+04               $500.00
>   'wb_numeric'                20000       1              80000000  12345.06789            1.111700e+02     1.111112400000000e+04               $500.00
>   'wb_numeric'                10000     100              10000000  12345.06789            1.111100e+02     1.111113000000000e+04               $500.00
2253,2257c2253,2257
<   'wb_numeric'                10000     100              10000000  12345.06789            1.111100e+02     1.111113000000000e+04             $1,000.00
<   'wb_numeric'                20000       1              80000000  12345.06789            1.111700e+02     1.111112400000000e+04             $1,000.00
<   'wb_numeric'                30000     100              30000000  12345.06789            1.112000e+02     1.111112100000000e+04             $1,000.00
<   'wb_numeric'                40000       2              10000000  NULL                   1.112400e+02     1.111111800000000e+04             $1,000.00
<   'wb_numeric'                50000     100              20000000  12345.06789            1.112500e+02     1.111111700000000e+04             $1,000.00
---
>   'wb_numeric'                10000     100              10000000  12345.06789            1.111100e+02     1.111113000000000e+04               $500.00
>   'wb_numeric'                20000       1              80000000  12345.06789            1.111700e+02     1.111112400000000e+04               $500.00
>   'wb_numeric'                30000     100              30000000  12345.06789            1.112000e+02     1.111112100000000e+04               $500.00
>   'wb_numeric'                40000       2              10000000  NULL                   1.112400e+02     1.111111800000000e+04               $500.00
>   'wb_numeric'                50000     100              20000000  12345.06789            1.112500e+02     1.111111700000000e+04               $500.00
2265,2269c2265,2269
<   'wb_numeric'                50000     100              20000000  12345.06789            1.112500e+02     1.111111700000000e+04             $1,000.00
<   'wb_numeric'                40000       2              10000000  NULL                   1.112400e+02     1.111111800000000e+04             $1,000.00
<   'wb_numeric'                30000     100              30000000  12345.06789            1.112000e+02     1.111112100000000e+04             $1,000.00
<   'wb_numeric'                20000       1              80000000  12345.06789            1.111700e+02     1.111112400000000e+04             $1,000.00
<   'wb_numeric'                10000     100              10000000  12345.06789            1.111100e+02     1.111113000000000e+04             $1,000.00
---
>   'wb_numeric'                50000     100              20000000  12345.06789            1.112500e+02     1.111111700000000e+04               $500.00
>   'wb_numeric'                40000       2              10000000  NULL                   1.112400e+02     1.111111800000000e+04               $500.00
>   'wb_numeric'                30000     100              30000000  12345.06789            1.112000e+02     1.111112100000000e+04               $500.00
>   'wb_numeric'                20000       1              80000000  12345.06789            1.111700e+02     1.111112400000000e+04               $500.00
>   'wb_numeric'                10000     100              10000000  12345.06789            1.111100e+02     1.111113000000000e+04               $500.00
2297,2301c2297,2301
<   'wb_numeric'                10000     100              10000000  12345.06789            1.111100e+02     1.111113000000000e+04             $1,000.00
<   'wb_numeric'                20000       1              80000000  12345.06789            1.111700e+02     1.111112400000000e+04             $1,000.00
<   'wb_numeric'                30000     100              30000000  12345.06789            1.112000e+02     1.111112100000000e+04             $1,000.00
<   'wb_numeric'                40000       2              10000000  NULL                   1.112400e+02     1.111111800000000e+04             $1,000.00
<   'wb_numeric'                50000     100              20000000  12345.06789            1.112500e+02     1.111111700000000e+04             $1,000.00
---
>   'wb_numeric'                10000     100              10000000  12345.06789            1.111100e+02     1.111113000000000e+04               $500.00
>   'wb_numeric'                20000       1              80000000  12345.06789            1.111700e+02     1.111112400000000e+04               $500.00
>   'wb_numeric'                30000     100              30000000  12345.06789            1.112000e+02     1.111112100000000e+04               $500.00
>   'wb_numeric'                40000       2              10000000  NULL                   1.112400e+02     1.111111800000000e+04               $500.00
>   'wb_numeric'                50000     100              20000000  12345.06789            1.112500e+02     1.111111700000000e+04               $500.00
2309,2313c2309,2313
<   'wb_numeric'                50000     100              20000000  12345.06789            1.112500e+02     1.111111700000000e+04             $1,000.00
<   'wb_numeric'                40000       2              10000000  NULL                   1.112400e+02     1.111111800000000e+04             $1,000.00
<   'wb_numeric'                30000     100              30000000  12345.06789            1.112000e+02     1.111112100000000e+04             $1,000.00
<   'wb_numeric'                20000       1              80000000  12345.06789            1.111700e+02     1.111112400000000e+04             $1,000.00
<   'wb_numeric'                10000     100              10000000  12345.06789            1.111100e+02     1.111113000000000e+04             $1,000.00
---
>   'wb_numeric'                50000     100              20000000  12345.06789            1.112500e+02     1.111111700000000e+04               $500.00
>   'wb_numeric'                40000       2              10000000  NULL                   1.112400e+02     1.111111800000000e+04               $500.00
>   'wb_numeric'                30000     100              30000000  12345.06789            1.112000e+02     1.111112100000000e+04               $500.00
>   'wb_numeric'                20000       1              80000000  12345.06789            1.111700e+02     1.111112400000000e+04               $500.00
>   'wb_numeric'                10000     100              10000000  12345.06789            1.111100e+02     1.111113000000000e+04               $500.00
2341,2345c2341,2345
<   'wb_numeric'                10000     100              10000000  12345.06789            1.111100e+02     1.111113000000000e+04             $1,000.00
<   'wb_numeric'                20000       1              80000000  12345.06789            1.111700e+02     1.111112400000000e+04             $1,000.00
<   'wb_numeric'                30000     100              30000000  12345.06789            1.112000e+02     1.111112100000000e+04             $1,000.00
<   'wb_numeric'                40000       2              10000000  NULL                   1.112400e+02     1.111111800000000e+04             $1,000.00
<   'wb_numeric'                50000     100              20000000  12345.06789            1.112500e+02     1.111111700000000e+04             $1,000.00
---
>   'wb_numeric'                10000     100              10000000  12345.06789            1.111100e+02     1.111113000000000e+04               $500.00
>   'wb_numeric'                20000       1              80000000  12345.06789            1.111700e+02     1.111112400000000e+04               $500.00
>   'wb_numeric'                30000     100              30000000  12345.06789            1.112000e+02     1.111112100000000e+04               $500.00
>   'wb_numeric'                40000       2              10000000  NULL                   1.112400e+02     1.111111800000000e+04               $500.00
>   'wb_numeric'                50000     100              20000000  12345.06789            1.112500e+02     1.111111700000000e+04               $500.00
2353,2357c2353,2357
<   'wb_numeric'                50000     100              20000000  12345.06789            1.112500e+02     1.111111700000000e+04             $1,000.00
<   'wb_numeric'                40000       2              10000000  NULL                   1.112400e+02     1.111111800000000e+04             $1,000.00
<   'wb_numeric'                30000     100              30000000  12345.06789            1.112000e+02     1.111112100000000e+04             $1,000.00
<   'wb_numeric'                20000       1              80000000  12345.06789            1.111700e+02     1.111112400000000e+04             $1,000.00
<   'wb_numeric'                10000     100              10000000  12345.06789            1.111100e+02     1.111113000000000e+04             $1,000.00
---
>   'wb_numeric'                50000     100              20000000  12345.06789            1.112500e+02     1.111111700000000e+04               $500.00
>   'wb_numeric'                40000       2              10000000  NULL                   1.112400e+02     1.111111800000000e+04               $500.00
>   'wb_numeric'                30000     100              30000000  12345.06789            1.112000e+02     1.111112100000000e+04               $500.00
>   'wb_numeric'                20000       1              80000000  12345.06789            1.111700e+02     1.111112400000000e+04               $500.00
>   'wb_numeric'                10000     100              10000000  12345.06789            1.111100e+02     1.111113000000000e+04               $500.00
2385,2389c2385,2389
<   'wb_numeric'                10000     100              10000000  12345.06789            1.111100e+02     1.111113000000000e+04             $1,000.00
<   'wb_numeric'                20000       1              80000000  12345.06789            1.111700e+02     1.111112400000000e+04             $1,000.00
<   'wb_numeric'                30000     100              30000000  12345.06789            1.112000e+02     1.111112100000000e+04             $1,000.00
<   'wb_numeric'                40000       2              10000000  NULL                   1.112400e+02     1.111111800000000e+04             $1,000.00
<   'wb_numeric'                50000     100              20000000  12345.06789            1.112500e+02     1.111111700000000e+04             $1,000.00
---
>   'wb_numeric'                10000     100              10000000  12345.06789            1.111100e+02     1.111113000000000e+04               $500.00
>   'wb_numeric'                20000       1              80000000  12345.06789            1.111700e+02     1.111112400000000e+04               $500.00
>   'wb_numeric'                30000     100              30000000  12345.06789            1.112000e+02     1.111112100000000e+04               $500.00
>   'wb_numeric'                40000       2              10000000  NULL                   1.112400e+02     1.111111800000000e+04               $500.00
>   'wb_numeric'                50000     100              20000000  12345.06789            1.112500e+02     1.111111700000000e+04               $500.00
2397,2401c2397,2401
<   'wb_numeric'                50000     100              20000000  12345.06789            1.112500e+02     1.111111700000000e+04             $1,000.00
<   'wb_numeric'                40000       2              10000000  NULL                   1.112400e+02     1.111111800000000e+04             $1,000.00
<   'wb_numeric'                30000     100              30000000  12345.06789            1.112000e+02     1.111112100000000e+04             $1,000.00
<   'wb_numeric'                20000       1              80000000  12345.06789            1.111700e+02     1.111112400000000e+04             $1,000.00
<   'wb_numeric'                10000     100              10000000  12345.06789            1.111100e+02     1.111113000000000e+04             $1,000.00
---
>   'wb_numeric'                50000     100              20000000  12345.06789            1.112500e+02     1.111111700000000e+04               $500.00
>   'wb_numeric'                40000       2              10000000  NULL                   1.112400e+02     1.111111800000000e+04               $500.00
>   'wb_numeric'                30000     100              30000000  12345.06789            1.112000e+02     1.111112100000000e+04               $500.00
>   'wb_numeric'                20000       1              80000000  12345.06789            1.111700e+02     1.111112400000000e+04               $500.00
>   'wb_numeric'                10000     100              10000000  12345.06789            1.111100e+02     1.111113000000000e+04               $500.00
2429,2433c2429,2433
<   'wb_numeric'                10000     100              10000000  12345.06789            1.111100e+02     1.111113000000000e+04             $1,000.00
<   'wb_numeric'                20000       1              80000000  12345.06789            1.111700e+02     1.111112400000000e+04             $1,000.00
<   'wb_numeric'                30000     100              30000000  12345.06789            1.112000e+02     1.111112100000000e+04             $1,000.00
<   'wb_numeric'                40000       2              10000000  NULL                   1.112400e+02     1.111111800000000e+04             $1,000.00
<   'wb_numeric'                50000     100              20000000  12345.06789            1.112500e+02     1.111111700000000e+04             $1,000.00
---
>   'wb_numeric'                10000     100              10000000  12345.06789            1.111100e+02     1.111113000000000e+04               $500.00
>   'wb_numeric'                20000       1              80000000  12345.06789            1.111700e+02     1.111112400000000e+04               $500.00
>   'wb_numeric'                30000     100              30000000  12345.06789            1.112000e+02     1.111112100000000e+04               $500.00
>   'wb_numeric'                40000       2              10000000  NULL                   1.112400e+02     1.111111800000000e+04               $500.00
>   'wb_numeric'                50000     100              20000000  12345.06789            1.112500e+02     1.111111700000000e+04               $500.00
2441,2445c2441,2445
<   'wb_numeric'                50000     100              20000000  12345.06789            1.112500e+02     1.111111700000000e+04             $1,000.00
<   'wb_numeric'                40000       2              10000000  NULL                   1.112400e+02     1.111111800000000e+04             $1,000.00
<   'wb_numeric'                30000     100              30000000  12345.06789            1.112000e+02     1.111112100000000e+04             $1,000.00
<   'wb_numeric'                20000       1              80000000  12345.06789            1.111700e+02     1.111112400000000e+04             $1,000.00
<   'wb_numeric'                10000     100              10000000  12345.06789            1.111100e+02     1.111113000000000e+04             $1,000.00
---
>   'wb_numeric'                50000     100              20000000  12345.06789            1.112500e+02     1.111111700000000e+04               $500.00
>   'wb_numeric'                40000       2              10000000  NULL                   1.112400e+02     1.111111800000000e+04               $500.00
>   'wb_numeric'                30000     100              30000000  12345.06789            1.112000e+02     1.111112100000000e+04               $500.00
>   'wb_numeric'                20000       1              80000000  12345.06789            1.111700e+02     1.111112400000000e+04               $500.00
>   'wb_numeric'                10000     100              10000000  12345.06789            1.111100e+02     1.111113000000000e+04               $500.00
