1603c1603
<   'wb_numeric'                10000     100              10000000  12345.06789            1.111100e+02     1.111113000000000e+04             $1,000.00
---
>   'wb_numeric'                10000     100              10000000  12345.06789            1.111100e+02     1.111113000000000e+04               $500.00
1611c1611
<   'wb_numeric'                10000     100              10000000  12345.06789            1.111100e+02     1.111113000000000e+04             $1,000.00
---
>   'wb_numeric'                10000     100              10000000  12345.06789            1.111100e+02     1.111113000000000e+04               $500.00
1639c1639
<   'wb_numeric'                10000     100              10000000  12345.06789            1.111100e+02     1.111113000000000e+04             $1,000.00
---
>   'wb_numeric'                10000     100              10000000  12345.06789            1.111100e+02     1.111113000000000e+04               $500.00
1647c1647
<   'wb_numeric'                10000     100              10000000  12345.06789            1.111100e+02     1.111113000000000e+04             $1,000.00
---
>   'wb_numeric'                10000     100              10000000  12345.06789            1.111100e+02     1.111113000000000e+04               $500.00
1675c1675
<   'wb_numeric'                10000     100              10000000  12345.06789            1.111100e+02     1.111113000000000e+04             $1,000.00
---
>   'wb_numeric'                10000     100              10000000  12345.06789            1.111100e+02     1.111113000000000e+04               $500.00
1683c1683
<   'wb_numeric'                10000     100              10000000  12345.06789            1.111100e+02     1.111113000000000e+04             $1,000.00
---
>   'wb_numeric'                10000     100              10000000  12345.06789            1.111100e+02     1.111113000000000e+04               $500.00
1711c1711
<   'wb_numeric'                10000     100              10000000  12345.06789            1.111100e+02     1.111113000000000e+04             $1,000.00
---
>   'wb_numeric'                10000     100              10000000  12345.06789            1.111100e+02     1.111113000000000e+04               $500.00
1719c1719
<   'wb_numeric'                10000     100              10000000  12345.06789            1.111100e+02     1.111113000000000e+04             $1,000.00
---
>   'wb_numeric'                10000     100              10000000  12345.06789            1.111100e+02     1.111113000000000e+04               $500.00
1747c1747
<   'wb_numeric'                10000     100              10000000  12345.06789            1.111100e+02     1.111113000000000e+04             $1,000.00
---
>   'wb_numeric'                10000     100              10000000  12345.06789            1.111100e+02     1.111113000000000e+04               $500.00
1755c1755
<   'wb_numeric'                10000     100              10000000  12345.06789            1.111100e+02     1.111113000000000e+04             $1,000.00
---
>   'wb_numeric'                10000     100              10000000  12345.06789            1.111100e+02     1.111113000000000e+04               $500.00
1783c1783
<   'wb_numeric'                10000     100              10000000  12345.06789            1.111100e+02     1.111113000000000e+04             $1,000.00
---
>   'wb_numeric'                10000     100              10000000  12345.06789            1.111100e+02     1.111113000000000e+04               $500.00
1791c1791
<   'wb_numeric'                10000     100              10000000  12345.06789            1.111100e+02     1.111113000000000e+04             $1,000.00
---
>   'wb_numeric'                10000     100              10000000  12345.06789            1.111100e+02     1.111113000000000e+04               $500.00
1821,1822c1821,1822
<   'wb_numeric'                10000     100              10000000  12345.06789            1.111100e+02     1.111113000000000e+04                  NULL
<   'wb_numeric'                20000       1              80000000  12345.06789            1.111700e+02     1.111112400000000e+04                  NULL
---
>   'wb_numeric'                10000     100              10000000  12345.06789            1.111100e+02     1.111113000000000e+04               $500.00
>   'wb_numeric'                20000       1              80000000  12345.06789            1.111700e+02     1.111112400000000e+04               $500.00
1830,1831c1830,1831
<   'wb_numeric'                20000       1              80000000  12345.06789            1.111700e+02     1.111112400000000e+04                  NULL
<   'wb_numeric'                10000     100              10000000  12345.06789            1.111100e+02     1.111113000000000e+04                  NULL
---
>   'wb_numeric'                20000       1              80000000  12345.06789            1.111700e+02     1.111112400000000e+04               $500.00
>   'wb_numeric'                10000     100              10000000  12345.06789            1.111100e+02     1.111113000000000e+04               $500.00
1859,1860c1859,1860
<   'wb_numeric'                10000     100              10000000  12345.06789            1.111100e+02     1.111113000000000e+04                  NULL
<   'wb_numeric'                20000       1              80000000  12345.06789            1.111700e+02     1.111112400000000e+04                  NULL
---
>   'wb_numeric'                10000     100              10000000  12345.06789            1.111100e+02     1.111113000000000e+04               $500.00
>   'wb_numeric'                20000       1              80000000  12345.06789            1.111700e+02     1.111112400000000e+04               $500.00
1868,1869c1868,1869
<   'wb_numeric'                20000       1              80000000  12345.06789            1.111700e+02     1.111112400000000e+04                  NULL
<   'wb_numeric'                10000     100              10000000  12345.06789            1.111100e+02     1.111113000000000e+04                  NULL
---
>   'wb_numeric'                20000       1              80000000  12345.06789            1.111700e+02     1.111112400000000e+04               $500.00
>   'wb_numeric'                10000     100              10000000  12345.06789            1.111100e+02     1.111113000000000e+04               $500.00
1897,1898c1897,1898
<   'wb_numeric'                10000     100              10000000  12345.06789            1.111100e+02     1.111113000000000e+04                  NULL
<   'wb_numeric'                20000       1              80000000  12345.06789            1.111700e+02     1.111112400000000e+04                  NULL
---
>   'wb_numeric'                10000     100              10000000  12345.06789            1.111100e+02     1.111113000000000e+04               $500.00
>   'wb_numeric'                20000       1              80000000  12345.06789            1.111700e+02     1.111112400000000e+04               $500.00
1906,1907c1906,1907
<   'wb_numeric'                20000       1              80000000  12345.06789            1.111700e+02     1.111112400000000e+04                  NULL
<   'wb_numeric'                10000     100              10000000  12345.06789            1.111100e+02     1.111113000000000e+04                  NULL
---
>   'wb_numeric'                20000       1              80000000  12345.06789            1.111700e+02     1.111112400000000e+04               $500.00
>   'wb_numeric'                10000     100              10000000  12345.06789            1.111100e+02     1.111113000000000e+04               $500.00
1937,1939c1937,1939
<   'wb_numeric'                10000     100              10000000  12345.06789            1.111100e+02     1.111113000000000e+04             $1,000.00
<   'wb_numeric'                20000       1              80000000  12345.06789            1.111700e+02     1.111112400000000e+04             $1,000.00
<   'wb_numeric'                30000     100              30000000  12345.06789            1.112000e+02     1.111112100000000e+04             $1,000.00
---
>   'wb_numeric'                10000     100              10000000  12345.06789            1.111100e+02     1.111113000000000e+04               $500.00
>   'wb_numeric'                20000       1              80000000  12345.06789            1.111700e+02     1.111112400000000e+04               $500.00
>   'wb_numeric'                30000     100              30000000  12345.06789            1.112000e+02     1.111112100000000e+04               $500.00
1947,1949c1947,1949
<   'wb_numeric'                30000     100              30000000  12345.06789            1.112000e+02     1.111112100000000e+04             $1,000.00
<   'wb_numeric'                20000       1              80000000  12345.06789            1.111700e+02     1.111112400000000e+04             $1,000.00
<   'wb_numeric'                10000     100              10000000  12345.06789            1.111100e+02     1.111113000000000e+04             $1,000.00
---
>   'wb_numeric'                30000     100              30000000  12345.06789            1.112000e+02     1.111112100000000e+04               $500.00
>   'wb_numeric'                20000       1              80000000  12345.06789            1.111700e+02     1.111112400000000e+04               $500.00
>   'wb_numeric'                10000     100              10000000  12345.06789            1.111100e+02     1.111113000000000e+04               $500.00
1977,1979c1977,1979
<   'wb_numeric'                10000     100              10000000  12345.06789            1.111100e+02     1.111113000000000e+04             $1,000.00
<   'wb_numeric'                20000       1              80000000  12345.06789            1.111700e+02     1.111112400000000e+04             $1,000.00
<   'wb_numeric'                30000     100              30000000  12345.06789            1.112000e+02     1.111112100000000e+04             $1,000.00
---
>   'wb_numeric'                10000     100              10000000  12345.06789            1.111100e+02     1.111113000000000e+04               $500.00
>   'wb_numeric'                20000       1              80000000  12345.06789            1.111700e+02     1.111112400000000e+04               $500.00
>   'wb_numeric'                30000     100              30000000  12345.06789            1.112000e+02     1.111112100000000e+04               $500.00
1987,1989c1987,1989
<   'wb_numeric'                30000     100              30000000  12345.06789            1.112000e+02     1.111112100000000e+04             $1,000.00
<   'wb_numeric'                20000       1              80000000  12345.06789            1.111700e+02     1.111112400000000e+04             $1,000.00
<   'wb_numeric'                10000     100              10000000  12345.06789            1.111100e+02     1.111113000000000e+04             $1,000.00
---
>   'wb_numeric'                30000     100              30000000  12345.06789            1.112000e+02     1.111112100000000e+04               $500.00
>   'wb_numeric'                20000       1              80000000  12345.06789            1.111700e+02     1.111112400000000e+04               $500.00
>   'wb_numeric'                10000     100              10000000  12345.06789            1.111100e+02     1.111113000000000e+04               $500.00
2017,2019c2017,2019
<   'wb_numeric'                10000     100              10000000  12345.06789            1.111100e+02     1.111113000000000e+04             $1,000.00
<   'wb_numeric'                20000       1              80000000  12345.06789            1.111700e+02     1.111112400000000e+04             $1,000.00
<   'wb_numeric'                30000     100              30000000  12345.06789            1.112000e+02     1.111112100000000e+04             $1,000.00
---
>   'wb_numeric'                10000     100              10000000  12345.06789            1.111100e+02     1.111113000000000e+04               $500.00
>   'wb_numeric'                20000       1              80000000  12345.06789            1.111700e+02     1.111112400000000e+04               $500.00
>   'wb_numeric'                30000     100              30000000  12345.06789            1.112000e+02     1.111112100000000e+04               $500.00
2027,2029c2027,2029
<   'wb_numeric'                30000     100              30000000  12345.06789            1.112000e+02     1.111112100000000e+04             $1,000.00
<   'wb_numeric'                20000       1              80000000  12345.06789            1.111700e+02     1.111112400000000e+04             $1,000.00
<   'wb_numeric'                10000     100              10000000  12345.06789            1.111100e+02     1.111113000000000e+04             $1,000.00
---
>   'wb_numeric'                30000     100              30000000  12345.06789            1.112000e+02     1.111112100000000e+04               $500.00
>   'wb_numeric'                20000       1              80000000  12345.06789            1.111700e+02     1.111112400000000e+04               $500.00
>   'wb_numeric'                10000     100              10000000  12345.06789            1.111100e+02     1.111113000000000e+04               $500.00
2059,2062c2059,2062
<   'wb_numeric'                10000     100              10000000  12345.06789            1.111100e+02     1.111113000000000e+04             $1,000.00
<   'wb_numeric'                20000       1              80000000  12345.06789            1.111700e+02     1.111112400000000e+04             $1,000.00
<   'wb_numeric'                30000     100              30000000  12345.06789            1.112000e+02     1.111112100000000e+04             $1,000.00
<   'wb_numeric'                40000       2              10000000  NULL                   1.112400e+02     1.111111800000000e+04             $1,000.00
---
>   'wb_numeric'                10000     100              10000000  12345.06789            1.111100e+02     1.111113000000000e+04               $500.00
>   'wb_numeric'                20000       1              80000000  12345.06789            1.111700e+02     1.111112400000000e+04               $500.00
>   'wb_numeric'                30000     100              30000000  12345.06789            1.112000e+02     1.111112100000000e+04               $500.00
>   'wb_numeric'                40000       2              10000000  NULL                   1.112400e+02     1.111111800000000e+04               $500.00
2070,2073c2070,2073
<   'wb_numeric'                40000       2              10000000  NULL                   1.112400e+02     1.111111800000000e+04             $1,000.00
<   'wb_numeric'                30000     100              30000000  12345.06789            1.112000e+02     1.111112100000000e+04             $1,000.00
<   'wb_numeric'                20000       1              80000000  12345.06789            1.111700e+02     1.111112400000000e+04             $1,000.00
<   'wb_numeric'                10000     100              10000000  12345.06789            1.111100e+02     1.111113000000000e+04             $1,000.00
---
>   'wb_numeric'                40000       2              10000000  NULL                   1.112400e+02     1.111111800000000e+04               $500.00
>   'wb_numeric'                30000     100              30000000  12345.06789            1.112000e+02     1.111112100000000e+04               $500.00
>   'wb_numeric'                20000       1              80000000  12345.06789            1.111700e+02     1.111112400000000e+04               $500.00
>   'wb_numeric'                10000     100              10000000  12345.06789            1.111100e+02     1.111113000000000e+04               $500.00
2103,2107c2103,2107
<   'wb_numeric'                10000     100              10000000  12345.06789            1.111100e+02     1.111113000000000e+04             $1,000.00
<   'wb_numeric'                20000       1              80000000  12345.06789            1.111700e+02     1.111112400000000e+04             $1,000.00
<   'wb_numeric'                30000     100              30000000  12345.06789            1.112000e+02     1.111112100000000e+04             $1,000.00
<   'wb_numeric'                40000       2              10000000  NULL                   1.112400e+02     1.111111800000000e+04             $1,000.00
<   'wb_numeric'                50000     100              20000000  12345.06789            1.112500e+02     1.111111700000000e+04             $1,000.00
---
>   'wb_numeric'                10000     100              10000000  12345.06789            1.111100e+02     1.111113000000000e+04               $500.00
>   'wb_numeric'                20000       1              80000000  12345.06789            1.111700e+02     1.111112400000000e+04               $500.00
>   'wb_numeric'                30000     100              30000000  12345.06789            1.112000e+02     1.111112100000000e+04               $500.00
>   'wb_numeric'                40000       2              10000000  NULL                   1.112400e+02     1.111111800000000e+04               $500.00
>   'wb_numeric'                50000     100              20000000  12345.06789            1.112500e+02     1.111111700000000e+04               $500.00
2115,2119c2115,2119
<   'wb_numeric'                50000     100              20000000  12345.06789            1.112500e+02     1.111111700000000e+04             $1,000.00
<   'wb_numeric'                40000       2              10000000  NULL                   1.112400e+02     1.111111800000000e+04             $1,000.00
<   'wb_numeric'                30000     100              30000000  12345.06789            1.112000e+02     1.111112100000000e+04             $1,000.00
<   'wb_numeric'                20000       1              80000000  12345.06789            1.111700e+02     1.111112400000000e+04             $1,000.00
<   'wb_numeric'                10000     100              10000000  12345.06789            1.111100e+02     1.111113000000000e+04             $1,000.00
---
>   'wb_numeric'                50000     100              20000000  12345.06789            1.112500e+02     1.111111700000000e+04               $500.00
>   'wb_numeric'                40000       2              10000000  NULL                   1.112400e+02     1.111111800000000e+04               $500.00
>   'wb_numeric'                30000     100              30000000  12345.06789            1.112000e+02     1.111112100000000e+04               $500.00
>   'wb_numeric'                20000       1              80000000  12345.06789            1.111700e+02     1.111112400000000e+04               $500.00
>   'wb_numeric'                10000     100              10000000  12345.06789            1.111100e+02     1.111113000000000e+04               $500.00
2147,2151c2147,2151
<   'wb_numeric'                10000     100              10000000  12345.06789            1.111100e+02     1.111113000000000e+04             $1,000.00
<   'wb_numeric'                20000       1              80000000  12345.06789            1.111700e+02     1.111112400000000e+04             $1,000.00
<   'wb_numeric'                30000     100              30000000  12345.06789            1.112000e+02     1.111112100000000e+04             $1,000.00
<   'wb_numeric'                40000       2              10000000  NULL                   1.112400e+02     1.111111800000000e+04             $1,000.00
<   'wb_numeric'                50000     100              20000000  12345.06789            1.112500e+02     1.111111700000000e+04             $1,000.00
---
>   'wb_numeric'                10000     100              10000000  12345.06789            1.111100e+02     1.111113000000000e+04               $500.00
>   'wb_numeric'                20000       1              80000000  12345.06789            1.111700e+02     1.111112400000000e+04               $500.00
>   'wb_numeric'                30000     100              30000000  12345.06789            1.112000e+02     1.111112100000000e+04               $500.00
>   'wb_numeric'                40000       2              10000000  NULL                   1.112400e+02     1.111111800000000e+04               $500.00
>   'wb_numeric'                50000     100              20000000  12345.06789            1.112500e+02     1.111111700000000e+04               $500.00
2159,2163c2159,2163
<   'wb_numeric'                50000     100              20000000  12345.06789            1.112500e+02     1.111111700000000e+04             $1,000.00
<   'wb_numeric'                40000       2              10000000  NULL                   1.112400e+02     1.111111800000000e+04             $1,000.00
<   'wb_numeric'                30000     100              30000000  12345.06789            1.112000e+02     1.111112100000000e+04             $1,000.00
<   'wb_numeric'                20000       1              80000000  12345.06789            1.111700e+02     1.111112400000000e+04             $1,000.00
<   'wb_numeric'                10000     100              10000000  12345.06789            1.111100e+02     1.111113000000000e+04             $1,000.00
---
>   'wb_numeric'                50000     100              20000000  12345.06789            1.112500e+02     1.111111700000000e+04               $500.00
>   'wb_numeric'                40000       2              10000000  NULL                   1.112400e+02     1.111111800000000e+04               $500.00
>   'wb_numeric'                30000     100              30000000  12345.06789            1.112000e+02     1.111112100000000e+04               $500.00
>   'wb_numeric'                20000       1              80000000  12345.06789            1.111700e+02     1.111112400000000e+04               $500.00
>   'wb_numeric'                10000     100              10000000  12345.06789            1.111100e+02     1.111113000000000e+04               $500.00
2191,2195c2191,2195
<   'wb_numeric'                10000     100              10000000  12345.06789            1.111100e+02     1.111113000000000e+04             $1,000.00
<   'wb_numeric'                20000       1              80000000  12345.06789            1.111700e+02     1.111112400000000e+04             $1,000.00
<   'wb_numeric'                30000     100              30000000  12345.06789            1.112000e+02     1.111112100000000e+04             $1,000.00
<   'wb_numeric'                40000       2              10000000  NULL                   1.112400e+02     1.111111800000000e+04             $1,000.00
<   'wb_numeric'                50000     100              20000000  12345.06789            1.112500e+02     1.111111700000000e+04             $1,000.00
---
>   'wb_numeric'                10000     100              10000000  12345.06789            1.111100e+02     1.111113000000000e+04               $500.00
>   'wb_numeric'                20000       1              80000000  12345.06789            1.111700e+02     1.111112400000000e+04               $500.00
>   'wb_numeric'                30000     100              30000000  12345.06789            1.112000e+02     1.111112100000000e+04               $500.00
>   'wb_numeric'                40000       2              10000000  NULL                   1.112400e+02     1.111111800000000e+04               $500.00
>   'wb_numeric'                50000     100              20000000  12345.06789            1.112500e+02     1.111111700000000e+04               $500.00
2203,2207c2203,2207
<   'wb_numeric'                50000     100              20000000  12345.06789            1.112500e+02     1.111111700000000e+04             $1,000.00
<   'wb_numeric'                40000       2              10000000  NULL                   1.112400e+02     1.111111800000000e+04             $1,000.00
<   'wb_numeric'                30000     100              30000000  12345.06789            1.112000e+02     1.111112100000000e+04             $1,000.00
<   'wb_numeric'                20000       1              80000000  12345.06789            1.111700e+02     1.111112400000000e+04             $1,000.00
<   'wb_numeric'                10000     100              10000000  12345.06789            1.111100e+02     1.111113000000000e+04             $1,000.00
---
>   'wb_numeric'                50000     100              20000000  12345.06789            1.112500e+02     1.111111700000000e+04               $500.00
>   'wb_numeric'                40000       2              10000000  NULL                   1.112400e+02     1.111111800000000e+04               $500.00
>   'wb_numeric'                30000     100              30000000  12345.06789            1.112000e+02     1.111112100000000e+04               $500.00
>   'wb_numeric'                20000       1              80000000  12345.06789            1.111700e+02     1.111112400000000e+04               $500.00
>   'wb_numeric'                10000     100              10000000  12345.06789            1.111100e+02     1.111113000000000e+04               $500.00
2235,2239c2235,2239
<   'wb_numeric'                10000     100              10000000  12345.06789            1.111100e+02     1.111113000000000e+04             $1,000.00
<   'wb_numeric'                20000       1              80000000  12345.06789            1.111700e+02     1.111112400000000e+04             $1,000.00
<   'wb_numeric'                30000     100              30000000  12345.06789            1.112000e+02     1.111112100000000e+04             $1,000.00
<   'wb_numeric'                40000       2              10000000  NULL                   1.112400e+02     1.111111800000000e+04             $1,000.00
<   'wb_numeric'                50000     100              20000000  12345.06789            1.112500e+02     1.111111700000000e+04             $1,000.00
---
>   'wb_numeric'                10000     100              10000000  12345.06789            1.111100e+02     1.111113000000000e+04               $500.00
>   'wb_numeric'                20000       1              80000000  12345.06789            1.111700e+02     1.111112400000000e+04               $500.00
>   'wb_numeric'                30000     100              30000000  12345.06789            1.112000e+02     1.111112100000000e+04               $500.00
>   'wb_numeric'                40000       2              10000000  NULL                   1.112400e+02     1.111111800000000e+04               $500.00
>   'wb_numeric'                50000     100              20000000  12345.06789            1.112500e+02     1.111111700000000e+04               $500.00
2247,2251c2247,2251
<   'wb_numeric'                50000     100              20000000  12345.06789            1.112500e+02     1.111111700000000e+04             $1,000.00
<   'wb_numeric'                40000       2              10000000  NULL                   1.112400e+02     1.111111800000000e+04             $1,000.00
<   'wb_numeric'                30000     100              30000000  12345.06789            1.112000e+02     1.111112100000000e+04             $1,000.00
<   'wb_numeric'                20000       1              80000000  12345.06789            1.111700e+02     1.111112400000000e+04             $1,000.00
<   'wb_numeric'                10000     100              10000000  12345.06789            1.111100e+02     1.111113000000000e+04             $1,000.00
---
>   'wb_numeric'                50000     100              20000000  12345.06789            1.112500e+02     1.111111700000000e+04               $500.00
>   'wb_numeric'                40000       2              10000000  NULL                   1.112400e+02     1.111111800000000e+04               $500.00
>   'wb_numeric'                30000     100              30000000  12345.06789            1.112000e+02     1.111112100000000e+04               $500.00
>   'wb_numeric'                20000       1              80000000  12345.06789            1.111700e+02     1.111112400000000e+04               $500.00
>   'wb_numeric'                10000     100              10000000  12345.06789            1.111100e+02     1.111113000000000e+04               $500.00
2279,2283c2279,2283
<   'wb_numeric'                10000     100              10000000  12345.06789            1.111100e+02     1.111113000000000e+04             $1,000.00
<   'wb_numeric'                20000       1              80000000  12345.06789            1.111700e+02     1.111112400000000e+04             $1,000.00
<   'wb_numeric'                30000     100              30000000  12345.06789            1.112000e+02     1.111112100000000e+04             $1,000.00
<   'wb_numeric'                40000       2              10000000  NULL                   1.112400e+02     1.111111800000000e+04             $1,000.00
<   'wb_numeric'                50000     100              20000000  12345.06789            1.112500e+02     1.111111700000000e+04             $1,000.00
---
>   'wb_numeric'                10000     100              10000000  12345.06789            1.111100e+02     1.111113000000000e+04               $500.00
>   'wb_numeric'                20000       1              80000000  12345.06789            1.111700e+02     1.111112400000000e+04               $500.00
>   'wb_numeric'                30000     100              30000000  12345.06789            1.112000e+02     1.111112100000000e+04               $500.00
>   'wb_numeric'                40000       2              10000000  NULL                   1.112400e+02     1.111111800000000e+04               $500.00
>   'wb_numeric'                50000     100              20000000  12345.06789            1.112500e+02     1.111111700000000e+04               $500.00
2291,2295c2291,2295
<   'wb_numeric'                50000     100              20000000  12345.06789            1.112500e+02     1.111111700000000e+04             $1,000.00
<   'wb_numeric'                40000       2              10000000  NULL                   1.112400e+02     1.111111800000000e+04             $1,000.00
<   'wb_numeric'                30000     100              30000000  12345.06789            1.112000e+02     1.111112100000000e+04             $1,000.00
<   'wb_numeric'                20000       1              80000000  12345.06789            1.111700e+02     1.111112400000000e+04             $1,000.00
<   'wb_numeric'                10000     100              10000000  12345.06789            1.111100e+02     1.111113000000000e+04             $1,000.00
---
>   'wb_numeric'                50000     100              20000000  12345.06789            1.112500e+02     1.111111700000000e+04               $500.00
>   'wb_numeric'                40000       2              10000000  NULL                   1.112400e+02     1.111111800000000e+04               $500.00
>   'wb_numeric'                30000     100              30000000  12345.06789            1.112000e+02     1.111112100000000e+04               $500.00
>   'wb_numeric'                20000       1              80000000  12345.06789            1.111700e+02     1.111112400000000e+04               $500.00
>   'wb_numeric'                10000     100              10000000  12345.06789            1.111100e+02     1.111113000000000e+04               $500.00
2323,2327c2323,2327
<   'wb_numeric'                10000     100              10000000  12345.06789            1.111100e+02     1.111113000000000e+04             $1,000.00
<   'wb_numeric'                20000       1              80000000  12345.06789            1.111700e+02     1.111112400000000e+04             $1,000.00
<   'wb_numeric'                30000     100              30000000  12345.06789            1.112000e+02     1.111112100000000e+04             $1,000.00
<   'wb_numeric'                40000       2              10000000  NULL                   1.112400e+02     1.111111800000000e+04             $1,000.00
<   'wb_numeric'                50000     100              20000000  12345.06789            1.112500e+02     1.111111700000000e+04             $1,000.00
---
>   'wb_numeric'                10000     100              10000000  12345.06789            1.111100e+02     1.111113000000000e+04               $500.00
>   'wb_numeric'                20000       1              80000000  12345.06789            1.111700e+02     1.111112400000000e+04               $500.00
>   'wb_numeric'                30000     100              30000000  12345.06789            1.112000e+02     1.111112100000000e+04               $500.00
>   'wb_numeric'                40000       2              10000000  NULL                   1.112400e+02     1.111111800000000e+04               $500.00
>   'wb_numeric'                50000     100              20000000  12345.06789            1.112500e+02     1.111111700000000e+04               $500.00
2335,2339c2335,2339
<   'wb_numeric'                50000     100              20000000  12345.06789            1.112500e+02     1.111111700000000e+04             $1,000.00
<   'wb_numeric'                40000       2              10000000  NULL                   1.112400e+02     1.111111800000000e+04             $1,000.00
<   'wb_numeric'                30000     100              30000000  12345.06789            1.112000e+02     1.111112100000000e+04             $1,000.00
<   'wb_numeric'                20000       1              80000000  12345.06789            1.111700e+02     1.111112400000000e+04             $1,000.00
<   'wb_numeric'                10000     100              10000000  12345.06789            1.111100e+02     1.111113000000000e+04             $1,000.00
---
>   'wb_numeric'                50000     100              20000000  12345.06789            1.112500e+02     1.111111700000000e+04               $500.00
>   'wb_numeric'                40000       2              10000000  NULL                   1.112400e+02     1.111111800000000e+04               $500.00
>   'wb_numeric'                30000     100              30000000  12345.06789            1.112000e+02     1.111112100000000e+04               $500.00
>   'wb_numeric'                20000       1              80000000  12345.06789            1.111700e+02     1.111112400000000e+04               $500.00
>   'wb_numeric'                10000     100              10000000  12345.06789            1.111100e+02     1.111113000000000e+04               $500.00
2367,2371c2367,2371
<   'wb_numeric'                10000     100              10000000  12345.06789            1.111100e+02     1.111113000000000e+04             $1,000.00
<   'wb_numeric'                20000       1              80000000  12345.06789            1.111700e+02     1.111112400000000e+04             $1,000.00
<   'wb_numeric'                30000     100              30000000  12345.06789            1.112000e+02     1.111112100000000e+04             $1,000.00
<   'wb_numeric'                40000       2              10000000  NULL                   1.112400e+02     1.111111800000000e+04             $1,000.00
<   'wb_numeric'                50000     100              20000000  12345.06789            1.112500e+02     1.111111700000000e+04             $1,000.00
---
>   'wb_numeric'                10000     100              10000000  12345.06789            1.111100e+02     1.111113000000000e+04               $500.00
>   'wb_numeric'                20000       1              80000000  12345.06789            1.111700e+02     1.111112400000000e+04               $500.00
>   'wb_numeric'                30000     100              30000000  12345.06789            1.112000e+02     1.111112100000000e+04               $500.00
>   'wb_numeric'                40000       2              10000000  NULL                   1.112400e+02     1.111111800000000e+04               $500.00
>   'wb_numeric'                50000     100              20000000  12345.06789            1.112500e+02     1.111111700000000e+04               $500.00
2379,2383c2379,2383
<   'wb_numeric'                50000     100              20000000  12345.06789            1.112500e+02     1.111111700000000e+04             $1,000.00
<   'wb_numeric'                40000       2              10000000  NULL                   1.112400e+02     1.111111800000000e+04             $1,000.00
<   'wb_numeric'                30000     100              30000000  12345.06789            1.112000e+02     1.111112100000000e+04             $1,000.00
<   'wb_numeric'                20000       1              80000000  12345.06789            1.111700e+02     1.111112400000000e+04             $1,000.00
<   'wb_numeric'                10000     100              10000000  12345.06789            1.111100e+02     1.111113000000000e+04             $1,000.00
---
>   'wb_numeric'                50000     100              20000000  12345.06789            1.112500e+02     1.111111700000000e+04               $500.00
>   'wb_numeric'                40000       2              10000000  NULL                   1.112400e+02     1.111111800000000e+04               $500.00
>   'wb_numeric'                30000     100              30000000  12345.06789            1.112000e+02     1.111112100000000e+04               $500.00
>   'wb_numeric'                20000       1              80000000  12345.06789            1.111700e+02     1.111112400000000e+04               $500.00
>   'wb_numeric'                10000     100              10000000  12345.06789            1.111100e+02     1.111113000000000e+04               $500.00
